0.000008 0.000000 0.000029 -0.000032 0.444043 -0.226252 0.002409 -0.000196 0.000053 0.000000 0.002409 0.000196 0.444043 0.226252 0.000029 0.000032 
-0.000022 0.000000 -0.000044 0.000009 -0.492225 -0.077960 -0.002056 -0.001248 -0.000033 0.000000 -0.002056 0.001248 -0.492225 0.077960 -0.000044 -0.000009 
0.000027 0.000000 0.000042 0.000018 0.352393 0.352393 0.000918 0.002215 0.000000 0.000000 0.000918 -0.002215 0.352393 -0.352393 0.000042 -0.000018 
-0.000022 0.000000 -0.000025 -0.000038 -0.077960 -0.492225 0.000571 -0.002336 0.000033 0.000000 0.000571 0.002336 -0.077960 0.492225 -0.000025 0.000038 
0.000008 0.000000 -0.000002 0.000043 -0.226252 0.444043 -0.001842 0.001565 -0.000053 0.000000 -0.001842 -0.001565 -0.226252 -0.444043 -0.000002 -0.000043 
0.000008 0.000000 0.000029 -0.000032 0.444043 -0.226252 0.002409 -0.000196 0.000053 0.000000 0.002409 0.000196 0.444043 0.226252 0.000029 0.000032 
-0.000022 0.000000 -0.000044 0.000009 -0.492225 -0.077960 -0.002056 -0.001248 -0.000033 0.000000 -0.002056 0.001248 -0.492225 0.077960 -0.000044 -0.000009 
0.000027 0.000000 0.000042 0.000018 0.352393 0.352393 0.000918 0.002215 0.000000 0.000000 0.000918 -0.002215 0.352393 -0.352393 0.000042 -0.000018 
-0.000022 0.000000 -0.000025 -0.000038 -0.077960 -0.492225 0.000571 -0.002336 0.000033 0.000000 0.000571 0.002336 -0.077960 0.492225 -0.000025 0.000038 
0.000008 0.000000 -0.000002 0.000043 -0.226252 0.444043 -0.001842 0.001565 -0.000053 0.000000 -0.001842 -0.001565 -0.226252 -0.444043 -0.000002 -0.000043 
0.000008 0.000000 0.000029 -0.000032 0.444043 -0.226252 0.002409 -0.000196 0.000053 0.000000 0.002409 0.000196 0.444043 0.226252 0.000029 0.000032 
-0.000022 0.000000 -0.000044 0.000009 -0.492225 -0.077960 -0.002056 -0.001248 -0.000033 0.000000 -0.002056 0.001248 -0.492225 0.077960 -0.000044 -0.000009 
0.000027 0.000000 0.000042 0.000018 0.352393 0.352393 0.000918 0.002215 0.000000 0.000000 0.000918 -0.002215 0.352393 -0.352393 0.000042 -0.000018 
-0.000022 0.000000 -0.000025 -0.000038 -0.077960 -0.492225 0.000571 -0.002336 0.000033 0.000000 0.000571 0.002336 -0.077960 0.492225 -0.000025 0.000038 
0.000008 0.000000 -0.000002 0.000043 -0.226252 0.444043 -0.001842 0.001565 -0.000053 0.000000 -0.001842 -0.001565 -0.226252 -0.444043 -0.000002 -0.000043 
0.000008 0.000000 0.000029 -0.000032 0.444043 -0.226252 0.002409 -0.000196 0.000053 0.000000 0.002409 0.000196 0.444043 0.226252 0.000029 0.000032 
-0.000022 0.000000 -0.000044 0.000009 -0.492225 -0.077960 -0.002056 -0.001248 -0.000033 0.000000 -0.002056 0.001248 -0.492225 0.077960 -0.000044 -0.000009 
0.000027 0.000000 0.000042 0.000018 0.352393 0.352393 0.000918 0.002215 0.000000 0.000000 0.000918 -0.002215 0.352393 -0.352393 0.000042 -0.000018 
-0.000022 0.000000 -0.000025 -0.000038 -0.077960 -0.492225 0.000571 -0.002336 0.000033 0.000000 0.000571 0.002336 -0.077960 0.492225 -0.000025 0.000038 
0.000008 0.000000 -0.000002 0.000043 -0.226252 0.444043 -0.001842 0.001565 -0.000053 0.000000 -0.001842 -0.001565 -0.226252 -0.444043 -0.000002 -0.000043 
0.000008 0.000000 0.000029 -0.000032 0.444043 -0.226252 0.002409 -0.000196 0.000053 0.000000 0.002409 0.000196 0.444043 0.226252 0.000029 0.000032 
-0.000022 0.000000 -0.000044 0.000009 -0.492225 -0.077960 -0.002056 -0.001248 -0.000033 0.000000 -0.002056 0.001248 -0.492225 0.077960 -0.000044 -0.000009 
0.000027 0.000000 0.000042 0.000018 0.352393 0.352393 0.000918 0.002215 0.000000 0.000000 0.000918 -0.002215 0.352393 -0.352393 0.000042 -0.000018 
-0.000022 0.000000 -0.000025 -0.000038 -0.077960 -0.492225 0.000571 -0.002336 0.000033 0.000000 0.000571 0.002336 -0.077960 0.492225 -0.000025 0.000038 
0.000008 0.000000 -0.000002 0.000043 -0.226252 0.444043 -0.001842 0.001565 -0.000053 0.000000 -0.001842 -0.001565 -0.226252 -0.444043 -0.000002 -0.000043 
0.000008 0.000000 0.000029 -0.000032 0.444043 -0.226252 0.002409 -0.000196 0.000053 0.000000 0.002409 0.000196 0.444043 0.226252 0.000029 0.000032 
-0.000022 0.000000 -0.000044 0.000009 -0.492225 -0.077960 -0.002056 -0.001248 -0.000033 0.000000 -0.002056 0.001248 -0.492225 0.077960 -0.000044 -0.000009 
0.000027 0.000000 0.000042 0.000018 0.352393 0.352393 0.000918 0.002215 0.000000 0.000000 0.000918 -0.002215 0.352393 -0.352393 0.000042 -0.000018 
-0.000022 0.000000 -0.000025 -0.000038 -0.077960 -0.492225 0.000571 -0.002336 0.000033 0.000000 0.000571 0.002336 -0.077960 0.492225 -0.000025 0.000038 
0.000008 0.000000 -0.000002 0.000043 -0.226252 0.444043 -0.001842 0.001565 -0.000053 0.000000 -0.001842 -0.001565 -0.226252 -0.444043 -0.000002 -0.000043 
0.000008 0.000000 0.000029 -0.000032 0.444043 -0.226252 0.002409 -0.000196 0.000053 0.000000 0.002409 0.000196 0.444043 0.226252 0.000029 0.000032 
-0.000022 0.000000 -0.000044 0.000009 -0.492225 -0.077960 -0.002056 -0.001248 -0.000033 0.000000 -0.002056 0.001248 -0.492225 0.077960 -0.000044 -0.000009 
0.000027 0.000000 0.000042 0.000018 0.352393 0.352393 0.000918 0.002215 0.000000 0.000000 0.000918 -0.002215 0.352393 -0.352393 0.000042 -0.000018 
-0.000022 0.000000 -0.000025 -0.000038 -0.077960 -0.492225 0.000571 -0.002336 0.000033 0.000000 0.000571 0.002336 -0.077960 0.492225 -0.000025 0.000038 
0.000008 0.000000 -0.000002 0.000043 -0.226252 0.444043 -0.001842 0.001565 -0.000053 0.000000 -0.001842 -0.001565 -0.226252 -0.444043 -0.000002 -0.000043 
0.000008 0.000000 0.000029 -0.000032 0.444043 -0.226252 0.002409 -0.000196 0.000053 0.000000 0.002409 0.000196 0.444043 0.226252 0.000029 0.000032 
-0.000022 0.000000 -0.000044 0.000009 -0.492225 -0.077960 -0.002056 -0.001248 -0.000033 0.000000 -0.002056 0.001248 -0.492225 0.077960 -0.000044 -0.000009 
0.000027 0.000000 0.000042 0.000018 0.352393 0.352393 0.000918 0.002215 0.000000 0.000000 0.000918 -0.002215 0.352393 -0.352393 0.000042 -0.000018 
-0.000022 0.000000 -0.000025 -0.000038 -0.077960 -0.492225 0.000571 -0.002336 0.000033 0.000000 0.000571 0.002336 -0.077960 0.492225 -0.000025 0.000038 
0.000008 0.000000 -0.000002 0.000043 -0.226252 0.444043 -0.001842 0.001565 -0.000053 0.000000 -0.001842 -0.001565 -0.226252 -0.444043 -0.000002 -0.000043 
0.000008 0.000000 0.000029 -0.000032 0.444043 -0.226252 0.002409 -0.000196 0.000053 0.000000 0.002409 0.000196 0.444043 0.226252 0.000029 0.000032 
-0.000022 0.000000 -0.000044 0.000009 -0.492225 -0.077960 -0.002056 -0.001248 -0.000033 0.000000 -0.002056 0.001248 -0.492225 0.077960 -0.000044 -0.000009 
0.000027 0.000000 0.000042 0.000018 0.352393 0.352393 0.000918 0.002215 0.000000 0.000000 0.000918 -0.002215 0.352393 -0.352393 0.000042 -0.000018 
-0.000022 0.000000 -0.000025 -0.000038 -0.077960 -0.492225 0.000571 -0.002336 0.000033 0.000000 0.000571 0.002336 -0.077960 0.492225 -0.000025 0.000038 
0.000008 0.000000 -0.000002 0.000043 -0.226252 0.444043 -0.001842 0.001565 -0.000053 0.000000 -0.001842 -0.001565 -0.226252 -0.444043 -0.000002 -0.000043 
0.000008 0.000000 0.000029 -0.000032 0.444043 -0.226252 0.002409 -0.000196 0.000053 0.000000 0.002409 0.000196 0.444043 0.226252 0.000029 0.000032 
-0.000022 0.000000 -0.000044 0.000009 -0.492225 -0.077960 -0.002056 -0.001248 -0.000033 0.000000 -0.002056 0.001248 -0.492225 0.077960 -0.000044 -0.000009 
0.000027 0.000000 0.000042 0.000018 0.352393 0.352393 0.000918 0.002215 0.000000 0.000000 0.000918 -0.002215 0.352393 -0.352393 0.000042 -0.000018 
-0.000022 0.000000 -0.000025 -0.000038 -0.077960 -0.492225 0.000571 -0.002336 0.000033 0.000000 0.000571 0.002336 -0.077960 0.492225 -0.000025 0.000038 
0.000008 0.000000 -0.000002 0.000043 -0.226252 0.444043 -0.001842 0.001565 -0.000053 0.000000 -0.001842 -0.001565 -0.226252 -0.444043 -0.000002 -0.000043 
0.000008 0.000000 0.000029 -0.000032 0.444043 -0.226252 0.002409 -0.000196 0.000053 0.000000 0.002409 0.000196 0.444043 0.226252 0.000029 0.000032 
-0.000022 0.000000 -0.000044 0.000009 -0.492225 -0.077960 -0.002056 -0.001248 -0.000033 0.000000 -0.002056 0.001248 -0.492225 0.077960 -0.000044 -0.000009 
0.000027 0.000000 0.000042 0.000018 0.352393 0.352393 0.000918 0.002215 0.000000 0.000000 0.000918 -0.002215 0.352393 -0.352393 0.000042 -0.000018 
-0.000022 0.000000 -0.000025 -0.000038 -0.077960 -0.492225 0.000571 -0.002336 0.000033 0.000000 0.000571 0.002336 -0.077960 0.492225 -0.000025 0.000038 
0.000008 0.000000 -0.000002 0.000043 -0.226252 0.444043 -0.001842 0.001565 -0.000053 0.000000 -0.001842 -0.001565 -0.226252 -0.444043 -0.000002 -0.000043 
0.000008 0.000000 0.000029 -0.000032 0.444043 -0.226252 0.002409 -0.000196 0.000053 0.000000 0.002409 0.000196 0.444043 0.226252 0.000029 0.000032 
-0.000022 0.000000 -0.000044 0.000009 -0.492225 -0.077960 -0.002056 -0.001248 -0.000033 0.000000 -0.002056 0.001248 -0.492225 0.077960 -0.000044 -0.000009 
0.000027 0.000000 0.000042 0.000018 0.352393 0.352393 0.000918 0.002215 0.000000 0.000000 0.000918 -0.002215 0.352393 -0.352393 0.000042 -0.000018 
-0.000022 0.000000 -0.000025 -0.000038 -0.077960 -0.492225 0.000571 -0.002336 0.000033 0.000000 0.000571 0.002336 -0.077960 0.492225 -0.000025 0.000038 
0.000008 0.000000 -0.000002 0.000043 -0.226252 0.444043 -0.001842 0.001565 -0.000053 0.000000 -0.001842 -0.001565 -0.226252 -0.444043 -0.000002 -0.000043 
0.000008 0.000000 0.000029 -0.000032 0.444043 -0.226252 0.002409 -0.000196 0.000053 0.000000 0.002409 0.000196 0.444043 0.226252 0.000029 0.000032 
-0.000022 0.000000 -0.000044 0.000009 -0.492225 -0.077960 -0.002056 -0.001248 -0.000033 0.000000 -0.002056 0.001248 -0.492225 0.077960 -0.000044 -0.000009 
0.000027 0.000000 0.000042 0.000018 0.352393 0.352393 0.000918 0.002215 0.000000 0.000000 0.000918 -0.002215 0.352393 -0.352393 0.000042 -0.000018 
-0.000022 0.000000 -0.000025 -0.000038 -0.077960 -0.492225 0.000571 -0.002336 0.000033 0.000000 0.000571 0.002336 -0.077960 0.492225 -0.000025 0.000038 
0.000008 0.000000 -0.000002 0.000043 -0.226252 0.444043 -0.001842 0.001565 -0.000053 0.000000 -0.001842 -0.001565 -0.226252 -0.444043 -0.000002 -0.000043 
0.000008 0.000000 0.000029 -0.000032 0.444043 -0.226252 0.002409 -0.000196 0.000053 0.000000 0.002409 0.000196 0.444043 0.226252 0.000029 0.000032 
-0.000022 0.000000 -0.000044 0.000009 -0.492225 -0.077960 -0.002056 -0.001248 -0.000033 0.000000 -0.002056 0.001248 -0.492225 0.077960 -0.000044 -0.000009 
0.000027 0.000000 0.000042 0.000018 0.352393 0.352393 0.000918 0.002215 0.000000 0.000000 0.000918 -0.002215 0.352393 -0.352393 0.000042 -0.000018 
-0.000022 0.000000 -0.000025 -0.000038 -0.077960 -0.492225 0.000571 -0.002336 0.000033 0.000000 0.000571 0.002336 -0.077960 0.492225 -0.000025 0.000038 
0.000008 0.000000 -0.000002 0.000043 -0.226252 0.444043 -0.001842 0.001565 -0.000053 0.000000 -0.001842 -0.001565 -0.226252 -0.444043 -0.000002 -0.000043 
0.000008 0.000000 0.000029 -0.000032 0.444043 -0.226252 0.002409 -0.000196 0.000053 0.000000 0.002409 0.000196 0.444043 0.226252 0.000029 0.000032 
-0.000022 0.000000 -0.000044 0.000009 -0.492225 -0.077960 -0.002056 -0.001248 -0.000033 0.000000 -0.002056 0.001248 -0.492225 0.077960 -0.000044 -0.000009 
0.000027 0.000000 0.000042 0.000018 0.352393 0.352393 0.000918 0.002215 0.000000 0.000000 0.000918 -0.002215 0.352393 -0.352393 0.000042 -0.000018 
-0.000022 0.000000 -0.000025 -0.000038 -0.077960 -0.492225 0.000571 -0.002336 0.000033 0.000000 0.000571 0.002336 -0.077960 0.492225 -0.000025 0.000038 
0.000008 0.000000 -0.000002 0.000043 -0.226252 0.444043 -0.001842 0.001565 -0.000053 0.000000 -0.001842 -0.001565 -0.226252 -0.444043 -0.000002 -0.000043 
0.000008 0.000000 0.000029 -0.000032 0.444043 -0.226252 0.002409 -0.000196 0.000053 0.000000 0.002409 0.000196 0.444043 0.226252 0.000029 0.000032 
-0.000022 0.000000 -0.000044 0.000009 -0.492225 -0.077960 -0.002056 -0.001248 -0.000033 0.000000 -0.002056 0.001248 -0.492225 0.077960 -0.000044 -0.000009 
0.000027 0.000000 0.000042 0.000018 0.352393 0.352393 0.000918 0.002215 0.000000 0.000000 0.000918 -0.002215 0.352393 -0.352393 0.000042 -0.000018 
-0.000022 0.000000 -0.000025 -0.000038 -0.077960 -0.492225 0.000571 -0.002336 0.000033 0.000000 0.000571 0.002336 -0.077960 0.492225 -0.000025 0.000038 
0.000008 0.000000 -0.000002 0.000043 -0.226252 0.444043 -0.001842 0.001565 -0.000053 0.000000 -0.001842 -0.001565 -0.226252 -0.444043 -0.000002 -0.000043 
0.000008 0.000000 0.000029 -0.000032 0.444043 -0.226252 0.002409 -0.000196 0.000053 0.000000 0.002409 0.000196 0.444043 0.226252 0.000029 0.000032 
-0.000022 0.000000 -0.000044 0.000009 -0.492225 -0.077960 -0.002056 -0.001248 -0.000033 0.000000 -0.002056 0.001248 -0.492225 0.077960 -0.000044 -0.000009 
0.000027 0.000000 0.000042 0.000018 0.352393 0.352393 0.000918 0.002215 0.000000 0.000000 0.000918 -0.002215 0.352393 -0.352393 0.000042 -0.000018 
-0.000022 0.000000 -0.000025 -0.000038 -0.077960 -0.492225 0.000571 -0.002336 0.000033 0.000000 0.000571 0.002336 -0.077960 0.492225 -0.000025 0.000038 
0.000008 0.000000 -0.000002 0.000043 -0.226252 0.444043 -0.001842 0.001565 -0.000053 0.000000 -0.001842 -0.001565 -0.226252 -0.444043 -0.000002 -0.000043 
0.000008 0.000000 0.000029 -0.000032 0.444043 -0.226252 0.002409 -0.000196 0.000053 0.000000 0.002409 0.000196 0.444043 0.226252 0.000029 0.000032 
-0.000022 0.000000 -0.000044 0.000009 -0.492225 -0.077960 -0.002056 -0.001248 -0.000033 0.000000 -0.002056 0.001248 -0.492225 0.077960 -0.000044 -0.000009 
0.000027 0.000000 0.000042 0.000018 0.352393 0.352393 0.000918 0.002215 0.000000 0.000000 0.000918 -0.002215 0.352393 -0.352393 0.000042 -0.000018 
-0.000022 0.000000 -0.000025 -0.000038 -0.077960 -0.492225 0.000571 -0.002336 0.000033 0.000000 0.000571 0.002336 -0.077960 0.492225 -0.000025 0.000038 
0.000008 0.000000 -0.000002 0.000043 -0.226252 0.444043 -0.001842 0.001565 -0.000053 0.000000 -0.001842 -0.001565 -0.226252 -0.444043 -0.000002 -0.000043 
0.000008 0.000000 0.000029 -0.000032 0.444043 -0.226252 0.002409 -0.000196 0.000053 0.000000 0.002409 0.000196 0.444043 0.226252 0.000029 0.000032 
-0.000022 0.000000 -0.000044 0.000009 -0.492225 -0.077960 -0.002056 -0.001248 -0.000033 0.000000 -0.002056 0.001248 -0.492225 0.077960 -0.000044 -0.000009 
0.000027 0.000000 0.000042 0.000018 0.352393 0.352393 0.000918 0.002215 0.000000 0.000000 0.000918 -0.002215 0.352393 -0.352393 0.000042 -0.000018 
-0.000022 0.000000 -0.000025 -0.000038 -0.077960 -0.492225 0.000571 -0.002336 0.000033 0.000000 0.000571 0.002336 -0.077960 0.492225 -0.000025 0.000038 
0.000008 0.000000 -0.000002 0.000043 -0.226252 0.444043 -0.001842 0.001565 -0.000053 0.000000 -0.001842 -0.001565 -0.226252 -0.444043 -0.000002 -0.000043 
0.000008 0.000000 0.000029 -0.000032 0.444043 -0.226252 0.002409 -0.000196 0.000053 0.000000 0.002409 0.000196 0.444043 0.226252 0.000029 0.000032 
-0.000022 0.000000 -0.000044 0.000009 -0.492225 -0.077960 -0.002056 -0.001248 -0.000033 0.000000 -0.002056 0.001248 -0.492225 0.077960 -0.000044 -0.000009 
0.000027 0.000000 0.000042 0.000018 0.352393 0.352393 0.000918 0.002215 0.000000 0.000000 0.000918 -0.002215 0.352393 -0.352393 0.000042 -0.000018 
-0.000022 0.000000 -0.000025 -0.000038 -0.077960 -0.492225 0.000571 -0.002336 0.000033 0.000000 0.000571 0.002336 -0.077960 0.492225 -0.000025 0.000038 
0.000008 0.000000 -0.000002 0.000043 -0.226252 0.444043 -0.001842 0.001565 -0.000053 0.000000 -0.001842 -0.001565 -0.226252 -0.444043 -0.000002 -0.000043 
0.000008 0.000000 0.000029 -0.000032 0.444043 -0.226252 0.002409 -0.000196 0.000053 0.000000 0.002409 0.000196 0.444043 0.226252 0.000029 0.000032 
-0.000022 0.000000 -0.000044 0.000009 -0.492225 -0.077960 -0.002056 -0.001248 -0.000033 0.000000 -0.002056 0.001248 -0.492225 0.077960 -0.000044 -0.000009 
0.000027 0.000000 0.000042 0.000018 0.352393 0.352393 0.000918 0.002215 0.000000 0.000000 0.000918 -0.002215 0.352393 -0.352393 0.000042 -0.000018 
-0.000022 0.000000 -0.000025 -0.000038 -0.077960 -0.492225 0.000571 -0.002336 0.000033 0.000000 0.000571 0.002336 -0.077960 0.492225 -0.000025 0.000038 
0.000008 0.000000 -0.000002 0.000043 -0.226252 0.444043 -0.001842 0.001565 -0.000053 0.000000 -0.001842 -0.001565 -0.226252 -0.444043 -0.000002 -0.000043 
0.000008 0.000000 0.000029 -0.000032 0.444043 -0.226252 0.002409 -0.000196 0.000053 0.000000 0.002409 0.000196 0.444043 0.226252 0.000029 0.000032 
-0.000022 0.000000 -0.000044 0.000009 -0.492225 -0.077960 -0.002056 -0.001248 -0.000033 0.000000 -0.002056 0.001248 -0.492225 0.077960 -0.000044 -0.000009 
0.000027 0.000000 0.000042 0.000018 0.352393 0.352393 0.000918 0.002215 0.000000 0.000000 0.000918 -0.002215 0.352393 -0.352393 0.000042 -0.000018 
-0.000022 0.000000 -0.000025 -0.000038 -0.077960 -0.492225 0.000571 -0.002336 0.000033 0.000000 0.000571 0.002336 -0.077960 0.492225 -0.000025 0.000038 
0.000008 0.000000 -0.000002 0.000043 -0.226252 0.444043 -0.001842 0.001565 -0.000053 0.000000 -0.001842 -0.001565 -0.226252 -0.444043 -0.000002 -0.000043 
0.000008 0.000000 0.000029 -0.000032 0.444043 -0.226252 0.002409 -0.000196 0.000053 0.000000 0.002409 0.000196 0.444043 0.226252 0.000029 0.000032 
-0.000022 0.000000 -0.000044 0.000009 -0.492225 -0.077960 -0.002056 -0.001248 -0.000033 0.000000 -0.002056 0.001248 -0.492225 0.077960 -0.000044 -0.000009 
0.000027 0.000000 0.000042 0.000018 0.352393 0.352393 0.000918 0.002215 0.000000 0.000000 0.000918 -0.002215 0.352393 -0.352393 0.000042 -0.000018 
-0.000022 0.000000 -0.000025 -0.000038 -0.077960 -0.492225 0.000571 -0.002336 0.000033 0.000000 0.000571 0.002336 -0.077960 0.492225 -0.000025 0.000038 
0.000008 0.000000 -0.000002 0.000043 -0.226252 0.444043 -0.001842 0.001565 -0.000053 0.000000 -0.001842 -0.001565 -0.226252 -0.444043 -0.000002 -0.000043 
0.000008 0.000000 0.000029 -0.000032 0.444043 -0.226252 0.002409 -0.000196 0.000053 0.000000 0.002409 0.000196 0.444043 0.226252 0.000029 0.000032 
-0.000022 0.000000 -0.000044 0.000009 -0.492225 -0.077960 -0.002056 -0.001248 -0.000033 0.000000 -0.002056 0.001248 -0.492225 0.077960 -0.000044 -0.000009 
0.000027 0.000000 0.000042 0.000018 0.352393 0.352393 0.000918 0.002215 0.000000 0.000000 0.000918 -0.002215 0.352393 -0.352393 0.000042 -0.000018 
-0.000022 0.000000 -0.000025 -0.000038 -0.077960 -0.492225 0.000571 -0.002336 0.000033 0.000000 0.000571 0.002336 -0.077960 0.492225 -0.000025 0.000038 
0.000008 0.000000 -0.000002 0.000043 -0.226252 0.444043 -0.001842 0.001565 -0.000053 0.000000 -0.001842 -0.001565 -0.226252 -0.444043 -0.000002 -0.000043 
0.000008 0.000000 0.000029 -0.000032 0.444043 -0.226252 0.002409 -0.000196 0.000053 0.000000 0.002409 0.000196 0.444043 0.226252 0.000029 0.000032 
-0.000022 0.000000 -0.000044 0.000009 -0.492225 -0.077960 -0.002056 -0.001248 -0.000033 0.000000 -0.002056 0.001248 -0.492225 0.077960 -0.000044 -0.000009 
0.000027 0.000000 0.000042 0.000018 0.352393 0.352393 0.000918 0.002215 0.000000 0.000000 0.000918 -0.002215 0.352393 -0.352393 0.000042 -0.000018 
-0.000022 0.000000 -0.000025 -0.000038 -0.077960 -0.492225 0.000571 -0.002336 0.000033 0.000000 0.000571 0.002336 -0.077960 0.492225 -0.000025 0.000038 
0.000008 0.000000 -0.000002 0.000043 -0.226252 0.444043 -0.001842 0.001565 -0.000053 0.000000 -0.001842 -0.001565 -0.226252 -0.444043 -0.000002 -0.000043 
0.000008 0.000000 0.000029 -0.000032 0.444043 -0.226252 0.002409 -0.000196 0.000053 0.000000 0.002409 0.000196 0.444043 0.226252 0.000029 0.000032 
-0.000022 0.000000 -0.000044 0.000009 -0.492225 -0.077960 -0.002056 -0.001248 -0.000033 0.000000 -0.002056 0.001248 -0.492225 0.077960 -0.000044 -0.000009 
0.000027 0.000000 0.000042 0.000018 0.352393 0.352393 0.000918 0.002215 0.000000 0.000000 0.000918 -0.002215 0.352393 -0.352393 0.000042 -0.000018 
-0.000022 0.000000 -0.000025 -0.000038 -0.077960 -0.492225 0.000571 -0.002336 0.000033 0.000000 0.000571 0.002336 -0.077960 0.492225 -0.000025 0.000038 
0.000008 0.000000 -0.000002 0.000043 -0.226252 0.444043 -0.001842 0.001565 -0.000053 0.000000 -0.001842 -0.001565 -0.226252 -0.444043 -0.000002 -0.000043 
0.000008 0.000000 0.000029 -0.000032 0.444043 -0.226252 0.002409 -0.000196 0.000053 0.000000 0.002409 0.000196 0.444043 0.226252 0.000029 0.000032 
-0.000022 0.000000 -0.000044 0.000009 -0.492225 -0.077960 -0.002056 -0.001248 -0.000033 0.000000 -0.002056 0.001248 -0.492225 0.077960 -0.000044 -0.000009 
0.000027 0.000000 0.000042 0.000018 0.352393 0.352393 0.000918 0.002215 0.000000 0.000000 0.000918 -0.002215 0.352393 -0.352393 0.000042 -0.000018 
-0.000022 0.000000 -0.000025 -0.000038 -0.077960 -0.492225 0.000571 -0.002336 0.000033 0.000000 0.000571 0.002336 -0.077960 0.492225 -0.000025 0.000038 
0.000008 0.000000 -0.000002 0.000043 -0.226252 0.444043 -0.001842 0.001565 -0.000053 0.000000 -0.001842 -0.001565 -0.226252 -0.444043 -0.000002 -0.000043 
0.000008 0.000000 0.000029 -0.000032 0.444043 -0.226252 0.002409 -0.000196 0.000053 0.000000 0.002409 0.000196 0.444043 0.226252 0.000029 0.000032 
-0.000022 0.000000 -0.000044 0.000009 -0.492225 -0.077960 -0.002056 -0.001248 -0.000033 0.000000 -0.002056 0.001248 -0.492225 0.077960 -0.000044 -0.000009 
0.000027 0.000000 0.000042 0.000018 0.352393 0.352393 0.000918 0.002215 0.000000 0.000000 0.000918 -0.002215 0.352393 -0.352393 0.000042 -0.000018 
-0.000022 0.000000 -0.000025 -0.000038 -0.077960 -0.492225 0.000571 -0.002336 0.000033 0.000000 0.000571 0.002336 -0.077960 0.492225 -0.000025 0.000038 
0.000008 0.000000 -0.000002 0.000043 -0.226252 0.444043 -0.001842 0.001565 -0.000053 0.000000 -0.001842 -0.001565 -0.226252 -0.444043 -0.000002 -0.000043 
0.000008 0.000000 0.000029 -0.000032 0.444043 -0.226252 0.002409 -0.000196 0.000053 0.000000 0.002409 0.000196 0.444043 0.226252 0.000029 0.000032 
-0.000022 0.000000 -0.000044 0.000009 -0.492225 -0.077960 -0.002056 -0.001248 -0.000033 0.000000 -0.002056 0.001248 -0.492225 0.077960 -0.000044 -0.000009 
0.000027 0.000000 0.000042 0.000018 0.352393 0.352393 0.000918 0.002215 0.000000 0.000000 0.000918 -0.002215 0.352393 -0.352393 0.000042 -0.000018 
-0.000022 0.000000 -0.000025 -0.000038 -0.077960 -0.492225 0.000571 -0.002336 0.000033 0.000000 0.000571 0.002336 -0.077960 0.492225 -0.000025 0.000038 
0.000008 0.000000 -0.000002 0.000043 -0.226252 0.444043 -0.001842 0.001565 -0.000053 0.000000 -0.001842 -0.001565 -0.226252 -0.444043 -0.000002 -0.000043 
0.000008 0.000000 0.000029 -0.000032 0.444043 -0.226252 0.002409 -0.000196 0.000053 0.000000 0.002409 0.000196 0.444043 0.226252 0.000029 0.000032 
-0.000022 0.000000 -0.000044 0.000009 -0.492225 -0.077960 -0.002056 -0.001248 -0.000033 0.000000 -0.002056 0.001248 -0.492225 0.077960 -0.000044 -0.000009 
0.000027 0.000000 0.000042 0.000018 0.352393 0.352393 0.000918 0.002215 0.000000 0.000000 0.000918 -0.002215 0.352393 -0.352393 0.000042 -0.000018 
-0.000022 0.000000 -0.000025 -0.000038 -0.077960 -0.492225 0.000571 -0.002336 0.000033 0.000000 0.000571 0.002336 -0.077960 0.492225 -0.000025 0.000038 
0.000008 0.000000 -0.000002 0.000043 -0.226252 0.444043 -0.001842 0.001565 -0.000053 0.000000 -0.001842 -0.001565 -0.226252 -0.444043 -0.000002 -0.000043 
0.000008 0.000000 0.000029 -0.000032 0.444043 -0.226252 0.002409 -0.000196 0.000053 0.000000 0.002409 0.000196 0.444043 0.226252 0.000029 0.000032 
-0.000022 0.000000 -0.000044 0.000009 -0.492225 -0.077960 -0.002056 -0.001248 -0.000033 0.000000 -0.002056 0.001248 -0.492225 0.077960 -0.000044 -0.000009 
0.000027 0.000000 0.000042 0.000018 0.352393 0.352393 0.000918 0.002215 0.000000 0.000000 0.000918 -0.002215 0.352393 -0.352393 0.000042 -0.000018 
-0.000022 0.000000 -0.000025 -0.000038 -0.077960 -0.492225 0.000571 -0.002336 0.000033 0.000000 0.000571 0.002336 -0.077960 0.492225 -0.000025 0.000038 
0.000008 0.000000 -0.000002 0.000043 -0.226252 0.444043 -0.001842 0.001565 -0.000053 0.000000 -0.001842 -0.001565 -0.226252 -0.444043 -0.000002 -0.000043 
0.000008 0.000000 0.000029 -0.000032 0.444043 -0.226252 0.002409 -0.000196 0.000053 0.000000 0.002409 0.000196 0.444043 0.226252 0.000029 0.000032 
-0.000022 0.000000 -0.000044 0.000009 -0.492225 -0.077960 -0.002056 -0.001248 -0.000033 0.000000 -0.002056 0.001248 -0.492225 0.077960 -0.000044 -0.000009 
0.000027 0.000000 0.000042 0.000018 0.352393 0.352393 0.000918 0.002215 0.000000 0.000000 0.000918 -0.002215 0.352393 -0.352393 0.000042 -0.000018 
-0.000022 0.000000 -0.000025 -0.000038 -0.077960 -0.492225 0.000571 -0.002336 0.000033 0.000000 0.000571 0.002336 -0.077960 0.492225 -0.000025 0.000038 
0.000008 0.000000 -0.000002 0.000043 -0.226252 0.444043 -0.001842 0.001565 -0.000053 0.000000 -0.001842 -0.001565 -0.226252 -0.444043 -0.000002 -0.000043 
0.000008 0.000000 0.000029 -0.000032 0.444043 -0.226252 0.002409 -0.000196 0.000053 0.000000 0.002409 0.000196 0.444043 0.226252 0.000029 0.000032 
-0.000022 0.000000 -0.000044 0.000009 -0.492225 -0.077960 -0.002056 -0.001248 -0.000033 0.000000 -0.002056 0.001248 -0.492225 0.077960 -0.000044 -0.000009 
0.000027 0.000000 0.000042 0.000018 0.352393 0.352393 0.000918 0.002215 0.000000 0.000000 0.000918 -0.002215 0.352393 -0.352393 0.000042 -0.000018 
-0.000022 0.000000 -0.000025 -0.000038 -0.077960 -0.492225 0.000571 -0.002336 0.000033 0.000000 0.000571 0.002336 -0.077960 0.492225 -0.000025 0.000038 
0.000008 0.000000 -0.000002 0.000043 -0.226252 0.444043 -0.001842 0.001565 -0.000053 0.000000 -0.001842 -0.001565 -0.226252 -0.444043 -0.000002 -0.000043 
0.000008 0.000000 0.000029 -0.000032 0.444043 -0.226252 0.002409 -0.000196 0.000053 0.000000 0.002409 0.000196 0.444043 0.226252 0.000029 0.000032 
-0.000022 0.000000 -0.000044 0.000009 -0.492225 -0.077960 -0.002056 -0.001248 -0.000033 0.000000 -0.002056 0.001248 -0.492225 0.077960 -0.000044 -0.000009 
0.000027 0.000000 0.000042 0.000018 0.352393 0.352393 0.000918 0.002215 0.000000 0.000000 0.000918 -0.002215 0.352393 -0.352393 0.000042 -0.000018 
-0.000022 0.000000 -0.000025 -0.000038 -0.077960 -0.492225 0.000571 -0.002336 0.000033 0.000000 0.000571 0.002336 -0.077960 0.492225 -0.000025 0.000038 
0.000008 0.000000 -0.000002 0.000043 -0.226252 0.444043 -0.001842 0.001565 -0.000053 0.000000 -0.001842 -0.001565 -0.226252 -0.444043 -0.000002 -0.000043 
0.000008 0.000000 0.000029 -0.000032 0.444043 -0.226252 0.002409 -0.000196 0.000053 0.000000 0.002409 0.000196 0.444043 0.226252 0.000029 0.000032 
-0.000022 0.000000 -0.000044 0.000009 -0.492225 -0.077960 -0.002056 -0.001248 -0.000033 0.000000 -0.002056 0.001248 -0.492225 0.077960 -0.000044 -0.000009 
0.000027 0.000000 0.000042 0.000018 0.352393 0.352393 0.000918 0.002215 0.000000 0.000000 0.000918 -0.002215 0.352393 -0.352393 0.000042 -0.000018 
-0.000022 0.000000 -0.000025 -0.000038 -0.077960 -0.492225 0.000571 -0.002336 0.000033 0.000000 0.000571 0.002336 -0.077960 0.492225 -0.000025 0.000038 
0.000008 0.000000 -0.000002 0.000043 -0.226252 0.444043 -0.001842 0.001565 -0.000053 0.000000 -0.001842 -0.001565 -0.226252 -0.444043 -0.000002 -0.000043 
0.000008 0.000000 0.000029 -0.000032 0.444043 -0.226252 0.002409 -0.000196 0.000053 0.000000 0.002409 0.000196 0.444043 0.226252 0.000029 0.000032 
-0.000022 0.000000 -0.000044 0.000009 -0.492225 -0.077960 -0.002056 -0.001248 -0.000033 0.000000 -0.002056 0.001248 -0.492225 0.077960 -0.000044 -0.000009 
0.000027 0.000000 0.000042 0.000018 0.352393 0.352393 0.000918 0.002215 0.000000 0.000000 0.000918 -0.002215 0.352393 -0.352393 0.000042 -0.000018 
-0.000022 0.000000 -0.000025 -0.000038 -0.077960 -0.492225 0.000571 -0.002336 0.000033 0.000000 0.000571 0.002336 -0.077960 0.492225 -0.000025 0.000038 
0.000008 0.000000 -0.000002 0.000043 -0.226252 0.444043 -0.001842 0.001565 -0.000053 0.000000 -0.001842 -0.001565 -0.226252 -0.444043 -0.000002 -0.000043 
0.000008 0.000000 0.000029 -0.000032 0.444043 -0.226252 0.002409 -0.000196 0.000053 0.000000 0.002409 0.000196 0.444043 0.226252 0.000029 0.000032 
-0.000022 0.000000 -0.000044 0.000009 -0.492225 -0.077960 -0.002056 -0.001248 -0.000033 0.000000 -0.002056 0.001248 -0.492225 0.077960 -0.000044 -0.000009 
0.000027 0.000000 0.000042 0.000018 0.352393 0.352393 0.000918 0.002215 0.000000 0.000000 0.000918 -0.002215 0.352393 -0.352393 0.000042 -0.000018 
-0.000022 0.000000 -0.000025 -0.000038 -0.077960 -0.492225 0.000571 -0.002336 0.000033 0.000000 0.000571 0.002336 -0.077960 0.492225 -0.000025 0.000038 
0.000008 0.000000 -0.000002 0.000043 -0.226252 0.444043 -0.001842 0.001565 -0.000053 0.000000 -0.001842 -0.001565 -0.226252 -0.444043 -0.000002 -0.000043 
0.000008 0.000000 0.000029 -0.000032 0.444043 -0.226252 0.002409 -0.000196 0.000053 0.000000 0.002409 0.000196 0.444043 0.226252 0.000029 0.000032 
-0.000022 0.000000 -0.000044 0.000009 -0.492225 -0.077960 -0.002056 -0.001248 -0.000033 0.000000 -0.002056 0.001248 -0.492225 0.077960 -0.000044 -0.000009 
0.000027 0.000000 0.000042 0.000018 0.352393 0.352393 0.000918 0.002215 0.000000 0.000000 0.000918 -0.002215 0.352393 -0.352393 0.000042 -0.000018 
-0.000022 0.000000 -0.000025 -0.000038 -0.077960 -0.492225 0.000571 -0.002336 0.000033 0.000000 0.000571 0.002336 -0.077960 0.492225 -0.000025 0.000038 
0.000008 0.000000 -0.000002 0.000043 -0.226252 0.444043 -0.001842 0.001565 -0.000053 0.000000 -0.001842 -0.001565 -0.226252 -0.444043 -0.000002 -0.000043 
0.000008 0.000000 0.000029 -0.000032 0.444043 -0.226252 0.002409 -0.000196 0.000053 0.000000 0.002409 0.000196 0.444043 0.226252 0.000029 0.000032 
-0.000022 0.000000 -0.000044 0.000009 -0.492225 -0.077960 -0.002056 -0.001248 -0.000033 0.000000 -0.002056 0.001248 -0.492225 0.077960 -0.000044 -0.000009 
0.000027 0.000000 0.000042 0.000018 0.352393 0.352393 0.000918 0.002215 0.000000 0.000000 0.000918 -0.002215 0.352393 -0.352393 0.000042 -0.000018 
-0.000022 0.000000 -0.000025 -0.000038 -0.077960 -0.492225 0.000571 -0.002336 0.000033 0.000000 0.000571 0.002336 -0.077960 0.492225 -0.000025 0.000038 
0.000008 0.000000 -0.000002 0.000043 -0.226252 0.444043 -0.001842 0.001565 -0.000053 0.000000 -0.001842 -0.001565 -0.226252 -0.444043 -0.000002 -0.000043 
0.000008 0.000000 0.000029 -0.000032 0.444043 -0.226252 0.002409 -0.000196 0.000053 0.000000 0.002409 0.000196 0.444043 0.226252 0.000029 0.000032 
-0.000022 0.000000 -0.000044 0.000009 -0.492225 -0.077960 -0.002056 -0.001248 -0.000033 0.000000 -0.002056 0.001248 -0.492225 0.077960 -0.000044 -0.000009 
0.000027 0.000000 0.000042 0.000018 0.352393 0.352393 0.000918 0.002215 0.000000 0.000000 0.000918 -0.002215 0.352393 -0.352393 0.000042 -0.000018 
-0.000022 0.000000 -0.000025 -0.000038 -0.077960 -0.492225 0.000571 -0.002336 0.000033 0.000000 0.000571 0.002336 -0.077960 0.492225 -0.000025 0.000038 
0.000008 0.000000 -0.000002 0.000043 -0.226252 0.444043 -0.001842 0.001565 -0.000053 0.000000 -0.001842 -0.001565 -0.226252 -0.444043 -0.000002 -0.000043 
0.000008 0.000000 0.000029 -0.000032 0.444043 -0.226252 0.002409 -0.000196 0.000053 0.000000 0.002409 0.000196 0.444043 0.226252 0.000029 0.000032 
-0.000022 0.000000 -0.000044 0.000009 -0.492225 -0.077960 -0.002056 -0.001248 -0.000033 0.000000 -0.002056 0.001248 -0.492225 0.077960 -0.000044 -0.000009 
0.000027 0.000000 0.000042 0.000018 0.352393 0.352393 0.000918 0.002215 0.000000 0.000000 0.000918 -0.002215 0.352393 -0.352393 0.000042 -0.000018 
-0.000022 0.000000 -0.000025 -0.000038 -0.077960 -0.492225 0.000571 -0.002336 0.000033 0.000000 0.000571 0.002336 -0.077960 0.492225 -0.000025 0.000038 
0.000008 0.000000 -0.000002 0.000043 -0.226252 0.444043 -0.001842 0.001565 -0.000053 0.000000 -0.001842 -0.001565 -0.226252 -0.444043 -0.000002 -0.000043 
0.000008 0.000000 0.000029 -0.000032 0.444043 -0.226252 0.002409 -0.000196 0.000053 0.000000 0.002409 0.000196 0.444043 0.226252 0.000029 0.000032 
-0.000022 0.000000 -0.000044 0.000009 -0.492225 -0.077960 -0.002056 -0.001248 -0.000033 0.000000 -0.002056 0.001248 -0.492225 0.077960 -0.000044 -0.000009 
0.000027 0.000000 0.000042 0.000018 0.352393 0.352393 0.000918 0.002215 0.000000 0.000000 0.000918 -0.002215 0.352393 -0.352393 0.000042 -0.000018 
-0.000022 0.000000 -0.000025 -0.000038 -0.077960 -0.492225 0.000571 -0.002336 0.000033 0.000000 0.000571 0.002336 -0.077960 0.492225 -0.000025 0.000038 
0.000008 0.000000 -0.000002 0.000043 -0.226252 0.444043 -0.001842 0.001565 -0.000053 0.000000 -0.001842 -0.001565 -0.226252 -0.444043 -0.000002 -0.000043 
0.000008 0.000000 0.000029 -0.000032 0.444043 -0.226252 0.002409 -0.000196 0.000053 0.000000 0.002409 0.000196 0.444043 0.226252 0.000029 0.000032 
-0.000022 0.000000 -0.000044 0.000009 -0.492225 -0.077960 -0.002056 -0.001248 -0.000033 0.000000 -0.002056 0.001248 -0.492225 0.077960 -0.000044 -0.000009 
0.000027 0.000000 0.000042 0.000018 0.352393 0.352393 0.000918 0.002215 0.000000 0.000000 0.000918 -0.002215 0.352393 -0.352393 0.000042 -0.000018 
-0.000022 0.000000 -0.000025 -0.000038 -0.077960 -0.492225 0.000571 -0.002336 0.000033 0.000000 0.000571 0.002336 -0.077960 0.492225 -0.000025 0.000038 
0.000008 0.000000 -0.000002 0.000043 -0.226252 0.444043 -0.001842 0.001565 -0.000053 0.000000 -0.001842 -0.001565 -0.226252 -0.444043 -0.000002 -0.000043 
0.000008 0.000000 0.000029 -0.000032 0.444043 -0.226252 0.002409 -0.000196 0.000053 0.000000 0.002409 0.000196 0.444043 0.226252 0.000029 0.000032 
-0.000022 0.000000 -0.000044 0.000009 -0.492225 -0.077960 -0.002056 -0.001248 -0.000033 0.000000 -0.002056 0.001248 -0.492225 0.077960 -0.000044 -0.000009 
0.000027 0.000000 0.000042 0.000018 0.352393 0.352393 0.000918 0.002215 0.000000 0.000000 0.000918 -0.002215 0.352393 -0.352393 0.000042 -0.000018 
-0.000022 0.000000 -0.000025 -0.000038 -0.077960 -0.492225 0.000571 -0.002336 0.000033 0.000000 0.000571 0.002336 -0.077960 0.492225 -0.000025 0.000038 
0.000008 0.000000 -0.000002 0.000043 -0.226252 0.444043 -0.001842 0.001565 -0.000053 0.000000 -0.001842 -0.001565 -0.226252 -0.444043 -0.000002 -0.000043 
0.000008 0.000000 0.000029 -0.000032 0.444043 -0.226252 0.002409 -0.000196 0.000053 0.000000 0.002409 0.000196 0.444043 0.226252 0.000029 0.000032 
-0.000022 0.000000 -0.000044 0.000009 -0.492225 -0.077960 -0.002056 -0.001248 -0.000033 0.000000 -0.002056 0.001248 -0.492225 0.077960 -0.000044 -0.000009 
0.000027 0.000000 0.000042 0.000018 0.352393 0.352393 0.000918 0.002215 0.000000 0.000000 0.000918 -0.002215 0.352393 -0.352393 0.000042 -0.000018 
-0.000022 0.000000 -0.000025 -0.000038 -0.077960 -0.492225 0.000571 -0.002336 0.000033 0.000000 0.000571 0.002336 -0.077960 0.492225 -0.000025 0.000038 
0.000008 0.000000 -0.000002 0.000043 -0.226252 0.444043 -0.001842 0.001565 -0.000053 0.000000 -0.001842 -0.001565 -0.226252 -0.444043 -0.000002 -0.000043 
0.000008 0.000000 0.000029 -0.000032 0.444043 -0.226252 0.002409 -0.000196 0.000053 0.000000 0.002409 0.000196 0.444043 0.226252 0.000029 0.000032 
-0.000022 0.000000 -0.000044 0.000009 -0.492225 -0.077960 -0.002056 -0.001248 -0.000033 0.000000 -0.002056 0.001248 -0.492225 0.077960 -0.000044 -0.000009 
0.000027 0.000000 0.000042 0.000018 0.352393 0.352393 0.000918 0.002215 0.000000 0.000000 0.000918 -0.002215 0.352393 -0.352393 0.000042 -0.000018 
-0.000022 0.000000 -0.000025 -0.000038 -0.077960 -0.492225 0.000571 -0.002336 0.000033 0.000000 0.000571 0.002336 -0.077960 0.492225 -0.000025 0.000038 
0.000008 0.000000 -0.000002 0.000043 -0.226252 0.444043 -0.001842 0.001565 -0.000053 0.000000 -0.001842 -0.001565 -0.226252 -0.444043 -0.000002 -0.000043 
0.000008 0.000000 0.000029 -0.000032 0.444043 -0.226252 0.002409 -0.000196 0.000053 0.000000 0.002409 0.000196 0.444043 0.226252 0.000029 0.000032 
-0.000022 0.000000 -0.000044 0.000009 -0.492225 -0.077960 -0.002056 -0.001248 -0.000033 0.000000 -0.002056 0.001248 -0.492225 0.077960 -0.000044 -0.000009 
0.000027 0.000000 0.000042 0.000018 0.352393 0.352393 0.000918 0.002215 0.000000 0.000000 0.000918 -0.002215 0.352393 -0.352393 0.000042 -0.000018 
-0.000022 0.000000 -0.000025 -0.000038 -0.077960 -0.492225 0.000571 -0.002336 0.000033 0.000000 0.000571 0.002336 -0.077960 0.492225 -0.000025 0.000038 
0.000008 0.000000 -0.000002 0.000043 -0.226252 0.444043 -0.001842 0.001565 -0.000053 0.000000 -0.001842 -0.001565 -0.226252 -0.444043 -0.000002 -0.000043 
0.000008 0.000000 0.000029 -0.000032 0.444043 -0.226252 0.002409 -0.000196 0.000053 0.000000 0.002409 0.000196 0.444043 0.226252 0.000029 0.000032 
-0.000022 0.000000 -0.000044 0.000009 -0.492225 -0.077960 -0.002056 -0.001248 -0.000033 0.000000 -0.002056 0.001248 -0.492225 0.077960 -0.000044 -0.000009 
0.000027 0.000000 0.000042 0.000018 0.352393 0.352393 0.000918 0.002215 0.000000 0.000000 0.000918 -0.002215 0.352393 -0.352393 0.000042 -0.000018 
-0.000022 0.000000 -0.000025 -0.000038 -0.077960 -0.492225 0.000571 -0.002336 0.000033 0.000000 0.000571 0.002336 -0.077960 0.492225 -0.000025 0.000038 
0.000008 0.000000 -0.000002 0.000043 -0.226252 0.444043 -0.001842 0.001565 -0.000053 0.000000 -0.001842 -0.001565 -0.226252 -0.444043 -0.000002 -0.000043 
0.000008 0.000000 0.000029 -0.000032 0.444043 -0.226252 0.002409 -0.000196 0.000053 0.000000 0.002409 0.000196 0.444043 0.226252 0.000029 0.000032 
-0.000022 0.000000 -0.000044 0.000009 -0.492225 -0.077960 -0.002056 -0.001248 -0.000033 0.000000 -0.002056 0.001248 -0.492225 0.077960 -0.000044 -0.000009 
0.000027 0.000000 0.000042 0.000018 0.352393 0.352393 0.000918 0.002215 0.000000 0.000000 0.000918 -0.002215 0.352393 -0.352393 0.000042 -0.000018 
-0.000022 0.000000 -0.000025 -0.000038 -0.077960 -0.492225 0.000571 -0.002336 0.000033 0.000000 0.000571 0.002336 -0.077960 0.492225 -0.000025 0.000038 
0.000008 0.000000 -0.000002 0.000043 -0.226252 0.444043 -0.001842 0.001565 -0.000053 0.000000 -0.001842 -0.001565 -0.226252 -0.444043 -0.000002 -0.000043 
0.000008 0.000000 0.000029 -0.000032 0.444043 -0.226252 0.002409 -0.000196 0.000053 0.000000 0.002409 0.000196 0.444043 0.226252 0.000029 0.000032 
-0.000022 0.000000 -0.000044 0.000009 -0.492225 -0.077960 -0.002056 -0.001248 -0.000033 0.000000 -0.002056 0.001248 -0.492225 0.077960 -0.000044 -0.000009 
0.000027 0.000000 0.000042 0.000018 0.352393 0.352393 0.000918 0.002215 0.000000 0.000000 0.000918 -0.002215 0.352393 -0.352393 0.000042 -0.000018 
-0.000022 0.000000 -0.000025 -0.000038 -0.077960 -0.492225 0.000571 -0.002336 0.000033 0.000000 0.000571 0.002336 -0.077960 0.492225 -0.000025 0.000038 
0.000008 0.000000 -0.000002 0.000043 -0.226252 0.444043 -0.001842 0.001565 -0.000053 0.000000 -0.001842 -0.001565 -0.226252 -0.444043 -0.000002 -0.000043 
0.000008 0.000000 0.000029 -0.000032 0.444043 -0.226252 0.002409 -0.000196 0.000053 0.000000 0.002409 0.000196 0.444043 0.226252 0.000029 0.000032 
-0.000022 0.000000 -0.000044 0.000009 -0.492225 -0.077960 -0.002056 -0.001248 -0.000033 0.000000 -0.002056 0.001248 -0.492225 0.077960 -0.000044 -0.000009 
0.000027 0.000000 0.000042 0.000018 0.352393 0.352393 0.000918 0.002215 0.000000 0.000000 0.000918 -0.002215 0.352393 -0.352393 0.000042 -0.000018 
